5
3 3
1 3 3
2 1 4
0 6 4
4 4
1 3 1 5
2 2 4 1
5 0 2 3
0 6 1 2
4 4
10 33 13 15
22 21 04 1
5 0 2 3
0 6 14 2
20 20
91 49 13 54 97 48 50 81 100 98 40 12 47 99 10 60 79 22 46 50
67 68 15 38 44 45 82 70 76 9 62 7 98 97 49 18 61 33 42 29
60 30 52 36 14 39 46 37 50 6 24 96 49 77 29 82 56 15 84 13
68 76 34 32 54 65 63 59 75 89 44 88 94 21 63 9 47 84 55 71
37 92 62 92 21 36 36 19 91 8 52 28 42 35 11 20 14 46 43 76
20 74 11 61 28 46 55 8 83 50 69 12 54 45 90 24 50 17 34 44
59 21 21 71 39 10 35 23 8 9 10 84 95 79 77 68 98 67 79 75
42 6 72 6 49 69 33 28 46 32 32 88 86 39 20 36 18 67 52 20
71 17 86 96 85 15 74 35 18 60 21 5 6 29 45 75 42 94 25 18
18 6 97 81 23 91 64 88 6 19 62 55 71 86 73 36 87 15 28 54
56 86 26 54 45 49 75 40 94 41 57 46 67 96 93 68 30 90 58 45
94 49 61 68 5 37 83 31 26 46 16 84 56 27 40 46 84 32 27 89
93 67 69 78 8 31 41 11 11 33 40 28 62 76 24 13 80 67 12 73
76 40 55 73 57 28 77 60 69 13 16 35 58 23 15 96 96 35 80 6
46 27 44 40 67 22 71 6 99 46 5 89 98 87 51 25 20 80 27 78
68 24 85 8 82 88 82 77 60 98 27 8 70 28 19 75 17 92 58 53
46 41 83 81 56 38 76 80 11 67 95 22 61 81 88 60 71 51 71 84
68 73 9 40 32 38 91 89 33 87 10 54 94 35 82 6 98 99 87 27
53 82 52 32 80 11 66 54 24 52 64 15 37 75 37 27 36 81 41 19
77 40 18 90 83 19 57 93 55 30 61 79 85 39 60 22 15 7 56 36
1 1
4